File readed
File readed
File readed
File readed
Opciones: 
1: Práctica 1
2: Práctica 2
3: Práctica 3
4: Práctica 4
q: salir
Tecla 4
Elegida pŕactica 4
Opciones: 
1: Práctica 1
2: Práctica 2
3: Práctica 3
4: Práctica 4
q: salir
File readed
Tecla f
200
200
200
200
200
200
200
200
200
200
200
200
200
200
200
200
200
200
200
200
200
200
200
200
200
200
200
200
200
200
200
200
200
200
200
200
200
200
200
200
200
200
200
200
200
200
200
200
200
200
200
200
200
200
200
200
200
200
200
200
200
200
200
200
200
200
200
200
200
200
200
200
200
200
200
200
200
200
200
200
200
200
200
200
200
200
200
200
200
200
200
200
200
200
200
200
200
200
200
200
200
200
166.667
138.889
115.741
96.4506
96.4506
96.4506
96.4506
96.4506
96.4506
96.4506
96.4506
96.4506
96.4506
96.4506
96.4506
96.4506
96.4506
96.4506
96.4506
96.4506
96.4506
96.4506
96.4506
96.4506
96.4506
96.4506
96.4506
96.4506
96.4506
96.4506
96.4506
96.4506
96.4506
96.4506
96.4506
96.4506
96.4506
96.4506
96.4506
96.4506
96.4506
96.4506
96.4506
96.4506
96.4506
96.4506
96.4506
96.4506
96.4506
96.4506
96.4506
96.4506
96.4506
96.4506
96.4506
96.4506
96.4506
96.4506
96.4506
96.4506
96.4506
96.4506
96.4506
96.4506
96.4506
96.4506
96.4506
96.4506
96.4506
96.4506
96.4506
96.4506
96.4506
96.4506
96.4506
96.4506
96.4506
96.4506
96.4506
96.4506
96.4506
96.4506
96.4506
96.4506
96.4506
96.4506
96.4506
96.4506
96.4506
96.4506
96.4506
96.4506
96.4506
96.4506
96.4506
96.4506
96.4506
96.4506
96.4506
96.4506
96.4506
96.4506
96.4506
96.4506
96.4506
96.4506
96.4506
96.4506
96.4506
96.4506
96.4506
96.4506
96.4506
96.4506
96.4506
96.4506
96.4506
96.4506
96.4506
96.4506
96.4506
96.4506
96.4506
96.4506
96.4506
96.4506
96.4506
96.4506
96.4506
96.4506
96.4506
96.4506
96.4506
96.4506
96.4506
96.4506
96.4506
96.4506
96.4506
96.4506
96.4506
96.4506
96.4506
96.4506
96.4506
96.4506
96.4506
96.4506
96.4506
96.4506
96.4506
96.4506
96.4506
96.4506
96.4506
96.4506
96.4506
96.4506
96.4506
96.4506
96.4506
96.4506
96.4506
96.4506
96.4506
96.4506
96.4506
96.4506
96.4506
96.4506
96.4506
96.4506
96.4506
96.4506
96.4506
96.4506
96.4506
96.4506
96.4506
96.4506
96.4506
96.4506
96.4506
96.4506
96.4506
96.4506
96.4506
96.4506
96.4506
96.4506
96.4506
96.4506
96.4506
96.4506
96.4506
96.4506
96.4506
96.4506
96.4506
96.4506
96.4506
96.4506
96.4506
96.4506
96.4506
96.4506
96.4506
96.4506
96.4506
96.4506
96.4506
96.4506
96.4506
96.4506
96.4506
96.4506
96.4506
96.4506
96.4506
96.4506
96.4506
96.4506
96.4506
96.4506
96.4506
96.4506
96.4506
96.4506
96.4506
96.4506
96.4506
96.4506
96.4506
96.4506
96.4506
96.4506
96.4506
96.4506
96.4506
96.4506
96.4506
96.4506
96.4506
96.4506
96.4506
96.4506
96.4506
96.4506
96.4506
96.4506
96.4506
96.4506
96.4506
96.4506
96.4506
96.4506
96.4506
96.4506
96.4506
96.4506
96.4506
96.4506
96.4506
96.4506
96.4506
96.4506
96.4506
96.4506
96.4506
96.4506
96.4506
96.4506
96.4506
96.4506
96.4506
96.4506
96.4506
96.4506
96.4506
96.4506
96.4506
96.4506
96.4506
96.4506
96.4506
96.4506
96.4506
96.4506
96.4506
96.4506
96.4506
96.4506
96.4506
96.4506
96.4506
96.4506
96.4506
96.4506
96.4506
96.4506
96.4506
96.4506
96.4506
96.4506
96.4506
96.4506
96.4506
96.4506
96.4506
96.4506
96.4506
96.4506
96.4506
96.4506
96.4506
96.4506
96.4506
96.4506
96.4506
96.4506
96.4506
96.4506
96.4506
96.4506
96.4506
96.4506
96.4506
96.4506
96.4506
96.4506
96.4506
96.4506
96.4506
96.4506
96.4506
96.4506
96.4506
96.4506
96.4506
96.4506
96.4506
96.4506
96.4506
96.4506
96.4506
96.4506
96.4506
96.4506
96.4506
96.4506
96.4506
96.4506
96.4506
96.4506
96.4506
96.4506
96.4506
96.4506
96.4506
96.4506
96.4506
96.4506
96.4506
96.4506
96.4506
96.4506
96.4506
96.4506
96.4506
96.4506
96.4506
96.4506
96.4506
96.4506
96.4506
96.4506
96.4506
96.4506
96.4506
96.4506
96.4506
96.4506
96.4506
96.4506
96.4506
96.4506
96.4506
96.4506
96.4506
96.4506
96.4506
96.4506
96.4506
96.4506
96.4506
96.4506
96.4506
96.4506
96.4506
96.4506
96.4506
96.4506
96.4506
96.4506
96.4506
96.4506
96.4506
96.4506
96.4506
96.4506
96.4506
96.4506
96.4506
96.4506
96.4506
96.4506
96.4506
96.4506
96.4506
96.4506
96.4506
96.4506
96.4506
96.4506
96.4506
96.4506
96.4506
96.4506
96.4506
96.4506
96.4506
96.4506
96.4506
96.4506
96.4506
96.4506
96.4506
96.4506
96.4506
96.4506
96.4506
96.4506
96.4506
96.4506
Tecla l
96.4506
96.4506
96.4506
96.4506
96.4506
96.4506
96.4506
96.4506
96.4506
96.4506
96.4506
96.4506
96.4506
96.4506
96.4506
96.4506
96.4506
96.4506
96.4506
96.4506
96.4506
96.4506
96.4506
96.4506
96.4506
96.4506
96.4506
96.4506
96.4506
96.4506
96.4506
96.4506
96.4506
96.4506
96.4506
96.4506
96.4506
96.4506
96.4506
96.4506
96.4506
96.4506
96.4506
96.4506
96.4506
96.4506
96.4506
96.4506
96.4506
96.4506
96.4506
96.4506
96.4506
96.4506
96.4506
96.4506
96.4506
96.4506
96.4506
96.4506
96.4506
Tecla a
96.4506
96.4506
96.4506
96.4506
96.4506
96.4506
96.4506
96.4506
96.4506
96.4506
96.4506
96.4506
96.4506
Tecla q
